0 0.412621 0.497222 0.220527 0.111111
0 0.343967 0.632407 0.163662 0.118519
0 0.380028 0.733333 0.199723 0.061111
0 0.629681 0.677778 0.158114 0.088889
0 0.640083 0.613889 0.173370 0.075926
0 0.675451 0.413889 0.210818 0.129630
0 0.960472 0.508796 0.070735 0.125000
0 0.915395 0.459722 0.110957 0.165741
0 0.802358 0.459259 0.092926 0.081481
0 0.632455 0.282407 0.147018 0.151852
0 0.285021 0.381481 0.092926 0.109259
0 0.055479 0.590741 0.110957 0.237037
0 0.192788 0.679630 0.213592 0.079630
0 0.164355 0.385648 0.076283 0.134259
0 0.644244 0.787500 0.170596 0.093519
0 0.880028 0.870370 0.212205 0.098148
0 0.413315 0.818981 0.144244 0.067593
0 0.465326 0.616204 0.137309 0.102778