1 0.498698 0.373291 0.065104 0.065918
1 0.529622 0.492432 0.063151 0.079590
1 0.507161 0.437500 0.052083 0.030273
1 0.444987 0.546387 0.031901 0.020508
1 0.530273 0.669922 0.024089 0.015625
1 0.962240 0.354004 0.039062 0.032227
1 0.637695 0.478516 0.030599 0.023438
1 0.609375 0.459229 0.031250 0.022949
1 0.426758 0.246826 0.034505 0.042480
1 0.456055 0.307617 0.037109 0.040039
1 0.528971 0.417969 0.051432 0.058594
1 0.478190 0.391602 0.033203 0.026367
1 0.460286 0.528320 0.045573 0.023438
1 0.407227 0.663330 0.041016 0.027832
1 0.562500 0.815674 0.029948 0.015137
1 0.487630 0.648682 0.020833 0.014160