1 0.647786 0.219907 0.124566 0.410880
1 0.391059 0.454282 0.115017 0.149306
1 0.314887 0.582899 0.149306 0.111979
1 0.482096 0.629630 0.104384 0.176505
1 0.635417 0.490596 0.052951 0.143229
1 0.542752 0.170139 0.079427 0.315394
1 0.734158 0.134838 0.066840 0.269676
1 0.694444 0.386863 0.059028 0.081019
1 0.697591 0.554977 0.102648 0.267361
1 0.610569 0.612124 0.065321 0.107928
1 0.553602 0.442998 0.101128 0.155671
1 0.375434 0.201244 0.071615 0.033275
1 0.389540 0.060185 0.055990 0.112269
1 0.127387 0.086082 0.135417 0.164062
1 0.337348 0.295573 0.150825 0.093461
1 0.127387 0.564236 0.151042 0.199074
1 0.377062 0.716869 0.192925 0.143229
1 0.621311 0.808160 0.124566 0.201389