1 0.483654 0.449038 0.086538 0.042308
1 0.768269 0.138942 0.463462 0.275962
1 0.195192 0.480769 0.001923 0.001923
1 0.151923 0.519231 0.142308 0.048077
1 0.057692 0.475000 0.088462 0.042308
1 0.318269 0.325000 0.232692 0.157692
1 0.166346 0.407692 0.175000 0.073077
1 0.778846 0.671154 0.169231 0.096154
1 0.938462 0.567788 0.100000 0.060577
1 0.741346 0.515385 0.125000 0.069231
1 0.811538 0.678365 0.092308 0.074038
1 0.362500 0.533654 0.125000 0.084615
1 0.597115 0.432692 0.125000 0.080769
1 0.518269 0.488942 0.240385 0.075962
1 0.691346 0.441346 0.044231 0.088462
1 0.248077 0.470673 0.184615 0.037500
1 0.090385 0.427404 0.115385 0.079808
1 0.942308 0.187981 0.115385 0.087500
1 0.210577 0.075962 0.171154 0.092308
1 0.310577 0.138462 0.063462 0.034615
1 0.375000 0.201442 0.153846 0.075962
1 0.207692 0.212500 0.157692 0.090385
1 0.462500 0.291827 0.067308 0.081731
1 0.096154 0.102885 0.038462 0.051923
1 0.725962 0.319712 0.209615 0.104808
1 0.529808 0.338462 0.121154 0.121154